[app/ui]
version = 6.5.1
modtime = 1481936969.312688000

[app/launcher]
version = 6.5.1
modtime = 1481936969.314106000
