[app/ui]
version = 6.5.0
modtime = 1481634126.627901400

[app/launcher]
version = 6.5.0
modtime = 1481634126.645906700
